Sample	FastQC_mqc-generalstats-fastqc-percent_duplicates	FastQC_mqc-generalstats-fastqc-percent_gc	FastQC_mqc-generalstats-fastqc-avg_sequence_length	FastQC_mqc-generalstats-fastqc-median_sequence_length	FastQC_mqc-generalstats-fastqc-percent_fails	FastQC_mqc-generalstats-fastqc-total_sequences
SRR29551967_1	95.41034962739016	52.0	301.0	301	54.54545454545454	292397.0
SRR29551967_2	94.25336101259589	51.0	301.0	301	45.45454545454545	292397.0
SRR29551968_1	94.12469346472443	52.0	301.0	301	54.54545454545454	265467.0
SRR29551968_2	93.47753204729779	52.0	301.0	301	45.45454545454545	265467.0
SRR29551969_1	94.85399111864301	52.0	301.0	301	54.54545454545454	254916.0
SRR29551969_2	94.05215835804735	52.0	301.0	301	45.45454545454545	254916.0
SRR29551970_1	94.61699203674767	52.0	301.0	301	54.54545454545454	265595.0
SRR29551970_2	93.66102524520416	52.0	301.0	301	45.45454545454545	265595.0
SRR29551971_1	94.01381291077058	51.0	301.0	301	54.54545454545454	281331.0
SRR29551971_2	93.144374420167	51.0	301.0	301	45.45454545454545	281331.0
SRR29551972_1	94.07480011670103	51.0	301.0	301	45.45454545454545	305053.0
SRR29551972_2	92.80059530638938	51.0	301.0	301	45.45454545454545	305053.0
SRR29551973_1	89.68680248286523	53.0	301.0	301	54.54545454545454	253578.0
SRR29551973_2	88.3720196547019	52.0	301.0	301	36.36363636363637	253578.0
SRR29551974_1	78.83200490496628	54.0	301.0	301	45.45454545454545	6524.0
SRR29551974_2	77.40649908031882	54.0	301.0	301	36.36363636363637	6524.0
SRR29551975_1	93.42722271548973	54.0	301.0	301	45.45454545454545	448258.0
SRR29551975_2	92.92594889550215	54.0	301.0	301	36.36363636363637	448258.0
SRR29551976_1	90.5150998174254	53.0	301.0	301	45.45454545454545	66822.0
SRR29551976_2	89.29095208164975	53.0	301.0	301	45.45454545454545	66822.0
SRR29551977_1	94.42484149020744	53.0	301.0	301	54.54545454545454	255347.0
SRR29551977_2	93.82095736390089	53.0	301.0	301	45.45454545454545	255347.0
SRR29551978_1	94.54564542400489	53.0	301.0	301	54.54545454545454	314336.0
SRR29551978_2	93.50472106281177	53.0	301.0	301	36.36363636363637	314336.0
SRR29551979_1	95.31976649204395	53.0	301.0	301	54.54545454545454	367268.0
SRR29551979_2	94.24207935349664	53.0	301.0	301	45.45454545454545	367268.0
SRR29551980_1	94.74263643828574	53.0	301.0	301	45.45454545454545	439631.0
SRR29551980_2	93.60941334892216	53.0	301.0	301	45.45454545454545	439631.0
SRR29551981_1	93.44024362344875	53.0	301.0	301	45.45454545454545	266641.0
SRR29551981_2	90.7096057995582	53.0	301.0	301	36.36363636363637	266641.0
SRR29551982_1	95.21236114078188	51.0	301.0	301	54.54545454545454	299584.0
SRR29551982_2	94.34983176671652	51.0	301.0	301	45.45454545454545	299584.0
SRR29551983_1	93.13814952382177	52.0	301.0	301	54.54545454545454	155614.0
SRR29551983_2	92.85732646162941	52.0	301.0	301	45.45454545454545	155614.0
SRR29551984_1	94.16768608887588	53.0	301.0	301	45.45454545454545	300824.0
SRR29551984_2	93.8422466292583	52.0	301.0	301	45.45454545454545	300824.0
SRR29551985_1	93.62285518987736	52.0	301.0	301	54.54545454545454	257482.0
SRR29551985_2	92.60414320224326	52.0	301.0	301	36.36363636363637	257482.0
SRR29551986_1	93.81872897858028	53.0	301.0	301	54.54545454545454	282450.0
SRR29551986_2	93.59001593202336	53.0	301.0	301	45.45454545454545	282450.0
SRR29551987_1	94.1000615959729	52.0	301.0	301	54.54545454545454	188324.0
SRR29551987_2	93.56215883265011	52.0	301.0	301	45.45454545454545	188324.0
SRR29551988_1	93.46992413250675	52.0	301.0	301	54.54545454545454	204699.0
SRR29551988_2	93.1792534404174	52.0	301.0	301	45.45454545454545	204699.0
SRR29551989_1	93.71755155615803	52.0	301.0	301	54.54545454545454	255983.0
SRR29551989_2	92.96359523874632	51.0	301.0	301	36.36363636363637	255983.0
SRR29551990_1	94.42302357836338	51.0	301.0	301	54.54545454545454	288400.0
SRR29551990_2	93.50797503467406	51.0	301.0	301	45.45454545454545	288400.0
SRR29551991_1	93.5170099654343	52.0	301.0	301	54.54545454545454	247355.0
SRR29551991_2	92.83984556608922	51.0	301.0	301	36.36363636363637	247355.0
SRR29551992_1	94.12767125068146	52.0	301.0	301	54.54545454545454	276977.0
SRR29551992_2	93.17055206750018	52.0	301.0	301	45.45454545454545	276977.0
SRR29551993_1	94.34277764400568	51.0	301.0	301	54.54545454545454	224262.0
SRR29551993_2	93.65652674104396	51.0	301.0	301	45.45454545454545	224262.0
SRR29551994_1	89.90712168891876	52.0	301.0	301	54.54545454545454	65462.0
SRR29551994_2	89.31593901805627	52.0	301.0	301	45.45454545454545	65462.0
SRR29551995_1	92.12165502908918	52.0	301.0	301	54.54545454545454	175151.0
SRR29551995_2	91.56556342812773	52.0	301.0	301	45.45454545454545	175151.0
SRR29551996_1	89.85233343412962	51.0	301.0	301	54.54545454545454	79368.0
SRR29551996_2	89.05352283035984	51.0	301.0	301	45.45454545454545	79368.0
SRR29551997_1	94.6899853293182	51.0	301.0	301	54.54545454545454	518040.0
SRR29551997_2	93.70338197822562	51.0	301.0	301	45.45454545454545	518040.0
SRR29551998_1	93.3914649787478	51.0	301.0	301	45.45454545454545	228447.0
SRR29551998_2	92.5680792481407	51.0	301.0	301	45.45454545454545	228447.0
SRR29551999_1	94.8177310374891	52.0	301.0	301	54.54545454545454	367040.0
SRR29551999_2	93.63884045335658	51.0	301.0	301	45.45454545454545	367040.0
SRR29552000_1	94.59439845787504	52.0	301.0	301	54.54545454545454	220475.0
SRR29552000_2	93.72944778319537	52.0	301.0	301	45.45454545454545	220475.0
SRR29552001_1	94.05122655122655	52.0	301.0	301	54.54545454545454	249480.0
SRR29552001_2	93.14053230719898	51.0	301.0	301	45.45454545454545	249480.0
SRR29552002_1	94.23912266630667	51.0	301.0	301	54.54545454545454	251854.0
SRR29552002_2	93.40332097167406	51.0	301.0	301	45.45454545454545	251854.0
SRR29552003_1	95.05765840924687	51.0	301.0	301	54.54545454545454	297268.0
SRR29552003_2	93.68583231292975	51.0	301.0	301	45.45454545454545	297268.0
SRR29552004_1	93.98778310115736	52.0	301.0	301	54.54545454545454	194321.0
SRR29552004_2	92.84740197919936	51.0	301.0	301	45.45454545454545	194321.0
SRR29552005_1	94.55129037751588	51.0	301.0	301	54.54545454545454	346449.0
SRR29552005_2	93.81178759355635	51.0	301.0	301	45.45454545454545	346449.0
